0
180
237
194
194
223
121
142
107
249
80
68
168
40
55
118
138
146
151
223
161
232
115
129
206
39
175
18
110
75
162
207
39
79
109
14
202
54
87
134
154
106
6
99
87
24
162
220
107
46
51
161
57
188
224
168
158
85
193
53
70
237
57
198
218
81
117
208
21
192
12
52
244
115
8
67
214
180
53
35
194
110
253
16
154
94
168
222
92
18
211
153
0
148
116
238
11
96
65
208
122
141
230
166
51
48
204
105
135
150
110
120
210
80
171
14
66
181
38
40
202
233
30
117
102
245
100
22
221
112
184
198
14
45
11
121
160
73
7
142
146
218
70
4
96
172
181
146
141
17
134
27
109
38
126
171
114
147
254
167
70
84
21
214
94
233
151
51
20
166
31
253
200
3
252
121
137
210
120
22
1
136
56
231
50
106
214
112
20
172
218
110
86
218
31
73
22
87
154
246
242
59
184
69
107
54
52
255
86
124
196
110
226
117
76
44
51
131
99
252
224
170
68
154
28
210
0
237
151
190
211
193
151
112
175
171
57
234
34
237
108
0
163
164
113
31
30
228
98
155
240
2
24
218
140
228
37
94
52
241
161
114
134
196
137
42
196
225
245
141
89
206
107
242
9
159
245
107
125
151
177
14
55
85
117
219
208
226
47
196
36
151
92
2
204
30
121
191
136
96
127
250
240
127
224
233
231
90
237
166
206
30
95
128
228
198
36
129
50
216
193
78
253
116
235
13
147
180
236
145
202
150
3
168
160
127
200
145
60
252
148
173
64
206
40
80
132
186
102
13
62
157
184
158
240
67
37
36
194
217
57
137
108
212
24
110
71
24
117
37
232
220
42
167
40
168
182
218
158
33
203
108
236
246
176
218
226
251
122
145
112
221
78
9
13
82
137
186
94
187
49
95
64
122
72
235
166
191
40
185
131
173
57
87
252
208
218
28
132
194
166
67
109
249
190
156
133
124
42
30
124
3
65
231
34
187
20
134
162
178
84
33
215
2
216
177
10
48
46
224
10
247
210
190
65
200
38
160
166
177
163
64
216
82
93
163
53
126
40
37
75
25
110
191
248
111
2
88
72
249
205
54
85
190
176
54
56
20
74
226
108
232
86
105
192
165
64
220
214
142
104
136
235
39
151
8
207
74
178
204
20
38
204
76
84
93
74
80
245
8
224
70
62
219
141
120
13
208
7
16
214
218
200
99
248
92
255
168
205
97
241
66
165
7
17
133
214
243
253
144
238
213
170
242
182
60
237
223
19
98
172
17
91
16
2
11
233
224
36
51
143
87
33
88
160
157
161
19
136
8
130
52
101
160
166
239
115
36
23
225
174
133
159
95
92
102
167
175
195
82
213
168
38
170
0
77
100
124
70
45
94
112
242
78
154
56
27
136
222
177
207
145
72
159
11
250
5
130
139
214
12
250
214
230
80
144
80
25
211
121
100
69
33
213
81
174
168
74
64
234
181
254
254
253
246
197
116
130
103
68
192
159
68
85
237
208
176
219
105
162
219
70
82
100
36
16
121
27
215
246
150
12
108
124
31
30
61
171
201
160
122
115
247
57
247
122
186
15
196
24
14
132
62
226
34
179
101
25
5
251
122
226
101
234
223
62
209
229
29
186
116
213
176
180
17
184
142
12
201
93
130
150
194
62
235
29
7
135
157
58
96
179
68
253
232
184
8
15
160
20
24
94
44
38
219
190
90
1
62
183
246
27
57
10
12
251
220
153
78
137
56
93
5
27
29
118
210
142
165
113
252
40
137
41
202
239
216
223
240
141
25
85
116
236
108
84
254
28
185
73
85
144
73
83
48
176
187
223
218
57
96
208
4
0
152
146
171
75
24
129
24
71
136
252
166
154
131
73
220
164
255
236
168
49
66
52
29
238
155
190
206
74
190
96
101
236
2
177
88
78
153
11
194
48
214
75
225
202
240
208
54
248
171
174
110
12
93
170
28
72
100
222
111
2
19
237
181
140
192
181
50
184
104
64
23
120
212
90
132
236
21
245
141
232
95
255
110
168
129
50
89
206
56
117
112
80
109
76
11
134
104
46
208
93
92
162
198
95
34
30
232
130
132
233
38
88
14
2
161
184
165
9
54
159
164
24
87
199
40
236
181
107
130
100
214
10
184
112
230
176
20
52
186
239
103
109
206
80
225
96
70
54
229
177
24
163
180
131
102
119
21
180
186
37
45
226
42
242
161
142
224
173
163
28
42
147
200
149
13
117
170
238
9
110
126
81
173
90
22
191
163
247
24
228
111
13
17
83
1
229
120
168
228
38
56
247
136
243
177
32
243
119
208
146
81
100
186
148
231
59
189
100
1
140
128
174
199
11
148
17
64
54
215
78
121
64
160
188
182
108
32
199
204
164
152
234
24
126
83
176
41
251
154
212
252
63
184
237
153
86
21
54
133
208
117
52
155
12
65
170
139
87
1
137
145
170
246
220
24
52
212
214
110
82
31
62
142
91
127
144
242
168
175
140
78
184
213
115
15
24
131
187
252
151
253
148
72
240
55
145
132
133
71
82
10
176
196
50
85
210
206
119
149
242
183
76
117
143
126
167
92
125
48
52
36
218
183
248
99
234
224
174
204
192
173
77
36
85
16
119
72
159
100
89
44
106
108
92
11
100
213
212
88
105
180
252
70
252
179
119
88
250
174
26
15
4
1
112
126
77
42
132
199
176
11
236
226
247
164
128
131
60
208
218
170
181
126
183
35
224
254
224
15
116
199
87
76
162
194
191
121
192
200
202
12
80
4
65
210
139
44
219
8
111
234
250
114
182
232
109
31
233
92
204
220
202
246
188
17
110
192
24
221
146
251
144
107
172
72
63
62
239
206
25
57
147
8
8
12
139
193
66
168
177
217
239
6
199
23
32
104
254
221
122
246
96
241
226
235
170
121
141
202
138
231
152
157
59
248
38
64
147
209
100
162
73
45
51
168
205
166
191
172
12
180
20
92
77
138
230
200
66
76
56
213
9
242
250
94
139
138
184
190
227
143
84
143
32
40
77
249
73
208
10
127
4
20
53
152
15
201
247
212
216
214
76
66
190
23
1
104
136
140
75
198
187
203
4
193
173
40
130
163
71
184
102
43
103
210
248
184
249
46
114
249
248
184
32
77
80
196
222
172
233
16
190
205
249
217
28
255
222
178
147
144
35
118
106
174
23
77
142
99
105
74
84
226
194
202
208
196
170
93
41
100
158
51
204
80
172
225
5
224
62
105
28
183
88
166
2
231
152
43
41
176
2
103
114
5
202
154
40
210
252
72
114
116
102
229
4
52
248
48
214
30
142
181
184
66
66
246
15
180
103
216
65
97
82
241
167
100
62
62
253
106
137
196
214
251
254
22
114
237
126
100
27
118
159
36
184
213
200
78
47
130
148
136
60
88
207
77
178
118
6
166
146
33
210
31
210
148
176
177
2
156
67
151
196
39
134
160
57
89
145
6
34
199
114
171
151
214
101
244
36
60
119
180
202
32
82
89
29
97
216
56
162
55
90
0
141
142
236
32
110
103
250
137
5
222
18
194
100
212
165
26
112
100
189
74
65
241
26
0
40
172
132
17
16
175
194
182
79
88
23
219
64
210
79
106
158
119
26
196
153
100
203
19
199
173
43
19
154
206
223
99
254
136
241
98
212
198
66
65
82
112
214
88
241
115
158
102
166
186
222
77
110
124
119
250
232
214
50
80
127
126
89
20
178
122
109
148
217
153
63
200
78
210
8
220
115
104
54
88
150
10
104
201
38
232
94
72
245
80
0
30
226
46
64
192
140
102
112
134
209
166
92
190
197
161
215
182
198
186
103
213
22
48
34
17
216
53
255
243
133
83
14
231
247
42
239
54
234
68
233
157
116
244
160
212
217
0
6
172
83
146
195
28
2
206
120
58
225
20
181
207
66
226
228
137
37
169
178
248
228
62
21
183
179
74
204
197
141
143
5
46
86
177
138
53
84
86
239
182
41
160
135
240
239
14
177
156
169
200
241
100
149
190
187
150
131
150
20
57
112
180
19
222
200
180
137
143
178
30
190
2
234
98
1
111
36
155
103
5
198
146
154
39
252
24
154
175
4
132
3
253
204
18
195
110
144
139
77
159
186
164
237
183
50
142
215
181
172
192
147
243
12
237
26
28
236
225
106
179
160
173
29
134
234
221
205
183
228
242
99
14
52
230
57
106
168
183
83
229
42
201
96
186
116
157
133
107
142
172
7
50
112
192
10
140
235
121
11
180
200
136
59
8
246
170
121
152
3
172
201
59
173
94
108
46
116
92
40
60
43
164
240
131
180
6
60
6
87
196
222
24
48
89
94
253
134
122
222
248
150
136
23
242
126
161
120
250
92
153
120
56
154
20
0
11
104
223
220
148
226
136
144
179
204
160
96
91
255
202
232
254
99
64
250
139
150
10
147
86
105
133
114
106
191
79
227
237
214
71
7
55
255
9
253
43
160
77
118
251
88
131
234
178
205
160
201
47
38
69
251
123
108
165
102
48
230
111
138
212
70
117
19
50
186
59
228
144
138
69
51
133
173
8
118
187
118
32
48
178
214
112
130
22
184
1
129
18
196
251
168
53
183
66
69
94
142
240
250
48
191
232
145
97
46
120
172
7
186
151
166
73
234
171
155
42
29
131
137
210
198
74
238
24
63
243
164
218
110
94
139
79
133
45
240
131
118
28
176
85
177
113
215
215
195
154
230
159
233
57
251
40
166
30
14
115
98
181
175
242
144
152
192
60
55
107
96
127
69
158
95
129
176
244
8
255
45
184
175
19
216
72
154
199
178
64
92
120
68
38
81
225
240
226
234
96
113
91
100
239
72
82
238
82
107
214
37
61
250
218
227
211
40
34
218
164
170
44
95
9
163
26
164
101
100
144
163
186
140
147
173
66
73
207
212
204
245
100
150
42
251
207
152
184
26
244
168
210
147
182
55
88
209
50
205
204
144
148
229
206
164
180
40
221
243
138
15
10
128
117
16
83
234
178
69
164
148
244
62
198
162
48
47
42
92
38
205
238
130
236
199
213
212
185
195
230
72
241
41
53
210
150
183
86
74
165
154
4
80
75
133
28
84
109
75
149
46
164
144
34
116
195
192
255
47
191
122
194
81
22
231
4
98
185
246
104
156
155
143
198
192
13
80
148
18
3
149
56
111
202
108
93
228
86
146
246
50
108
218
216
12
200
188
204
84
243
160
123
137
240
195
239
243
143
157
8
51
26
4
34
78
139
71
38
144
38
95
62
194
7
133
250
238
152
24
50
3
77
64
168
52
232
154
216
1
6
127
145
137
32
40
208
224
69
2
164
150
205
17
234
234
83
175
175
205
188
59
164
134
241
164
242
84
64
100
138
14
230
25
160
153
15
70
50
87
134
179
232
26
195
77
111
240
211
78
44
245
129
108
189
0
180
70
217
164
150
96
202
170
239
103
56
180
132
255
166
235
18
68
17
237
52
94
200
90
150
23
170
122
37
90
31
54
231
232
42
189
213
184
42
23
227
129
220
68
112
169
230
26
155
144
169
21
2
96
184
142
209
7
32
29
86
85
141
88
220
10
201
1
236
216
138
18
44
89
14
122
246
120
58
175
19
201
181
23
166
2
78
64
65
56
184
38
20
112
15
78
128
105
68
204
42
60
192
203
147
250
58
227
47
54
122
5
139
44
132
106
252
22
221
46
194
55
122
93
89
28
182
101
178
90
109
105
17
3
216
222
126
254
74
234
200
65
213
42
64
57
49
96
62
150
64
72
109
62
18
26
164
168
94
92
17
15
84
42
182
151
162
41
216
136
196
135
142
240
87
24
28
211
48
129
162
255
192
32
78
36
104
183
230
245
145
250
174
57
9
210
250
186
210
87
178
138
44
164
42
255
198
80
133
82
254
84
20
210
147
221
69
101
148
59
238
247
204
197
60
219
227
164
249
112
50
69
20
189
233
164
137
210
78
28
109
67
96
236
217
165
144
92
90
94
96
22
210
225
153
117
255
116
0
165
145
238
77
245
32
21
171
242
115
129
75
51
224
140
239
127
240
252
214
224
89
73
154
103
44
138
174
117
8
187
253
188
170
195
185
99
198
254
37
32
199
143
50
132
81
145
245
152
40
34
58
171
112
248
218
198
139
98
202
198
20
139
141
6
66
11
208
154
80
204
30
54
98
234
174
80
38
109
180
151
49
52
98
255
99
45
40
40
200
74
139
59
236
178
231
228
63
44
65
152
11
4
169
94
193
255
78
11
64
66
155
90
184
70
169
130
227
195
108
42
235
88
130
101
146
160
73
248
82
140
16
231
162
4
181
163
28
95
131
80
81
238
186
45
9
238
18
233
225
254
102
242
253
177
100
73
230
248
14
0
56
60
120
34
92
40
60
11
120
158
53
21
168
239
106
42
41
159
239
42
144
122
136
232
161
22
180
116
220
211
136
210
154
251
192
157
110
93
110
77
81
151
191
68
218
189
253
42
52
123
184
215
210
228
58
227
71
162
135
35
90
131
38
114
213
240
56
107
220
248
116
140
90
26
213
32
7
186
132
21
8
140
156
52
144
233
237
14
54
252
49
240
238
24
5
58
238
162
55
14
134
247
124
83
231
132
182
153
50
196
146
57
164
28
158
133
2
150
172
144
46
81
74
99
134
13
206
76
200
158
45
74
97
62
225
133
50
66
155
55
27
178
241
209
148
114
187
171
6
141
112
198
161
71
181
98
61
150
179
182
33
94
62
182
190
22
230
222
194
202
33
244
112
224
37
54
240
182
126
165
118
48
75
22
45
199
175
86
229
32
224
62
212
76
7
130
254
134
135
240
56
95
28
66
121
226
88
160
227
80
47
105
63
12
125
90
80
87
70
13
255
194
213
116
176
124
0
150
224
220
14
119
155
30
199
55
109
208
145
26
48
108
84
209
48
167
226
85
200
217
92
135
155
132
56
115
126
175
156
124
10
112
65
191
164
121
206
197
247
152
48
211
196
122
237
156
112
110
49
35
97
74
208
74
114
29
90
140
152
149
122
240
82
52
204
246
131
139
80
84
23
254
252
17
150
36
237
36
182
47
181
226
91
212
81
213
58
205
122
119
53
151
1
110
194
99
217
48
38
88
172
172
51
28
82
122
14
8
65
222
87
157
74
250
38
188
96
187
18
17
98
59
140
229
153
223
68
135
17
199
62
91
247
203
124
250
248
171
185
175
196
29
208
145
192
253
206
132
124
195
17
118
34
243
132
248
151
140
194
157
180
168
222
225
179
7
19
98
99
37
129
84
156
180
53
222
125
241
85
86
14
68
224
130
93
78
62
104
216
208
45
48
57
151
202
65
236
39
8
4
199
226
38
187
130
50
29
195
102
207
151
196
212
0
217
209
11
9
82
8
213
155
142
75
115
246
145
110
203
243
157
35
234
56
234
142
96
203
142
175
174
112
166
30
46
55
190
253
4
68
158
46
96
26
30
112
140
57
71
188
137
227
70
104
43
9
54
22
159
26
235
197
98
12
174
111
173
29
252
231
149
45
76
75
72
235
171
194
239
61
131
134
18
41
133
88
132
170
110
4
180
234
30
237
30
18
221
156
110
200
143
76
224
128
242
4
64
124
176
61
112
218
177
174
46
141
60
243
141
116
234
240
154
30
152
147
109
5
30
252
165
7
146
52
237
194
241
102
163
166
0
184
40
86
227
52
67
68
137
68
67
166
66
50
199
254
86
0
129
87
88
77
103
178
118
122
103
61
24
172
125
18
108
180
21
131
177
180
198
93
73
46
201
8
130
45
252
198
55
254
212
147
206
33
84
152
158
44
103
18
146
75
157
253
26
60
133
197
44
208
168
134
137
194
17
36
194
32
10
81
254
250
137
26
37
146
84
250
148
110
246
190
131
104
96
220
246
5
76
188
215
172
3
84
174
117
26
100
136
0
117
100
151
104
244
238
160
33
107
70
166
126
32
39
207
85
22
150
246
20
234
190
253
76
129
243
136
0
180
7
242
118
190
215
253
38
72
128
106
27
63
14
208
37
120
223
76
223
248
92
109
203
215
103
26
17
29
178
165
119
254
141
90
172
188
203
186
240
177
189
202
142
15
92
112
27
155
112
35
40
156
3
130
217
212
212
118
84
189
6
214
170
182
100
244
210
213
229
150
100
9
161
220
99
134
175
21
84
227
138
79
127
172
54
124
184
156
76
112
172
170
76
94
12
207
22
100
160
118
224
18
70
43
194
136
27
60
50
79
222
181
45
81
38
36
201
182
249
115
136
249
8
68
244
141
7
130
77
217
39
188
9
177
72
78
44
198
112
196
145
232
52
82
50
4
218
229
4
73
212
152
212
146
241
217
174
204
183
42
148
34
202
146
136
131
246
106
57
88
17
198
174
181
33
196
90
254
199
98
197
186
124
106
132
190
185
15
44
100
107
80
254
90
26
94
196
80
166
114
180
70
40
180
54
195
176
192
104
149
170
1
69
52
220
15
53
54
13
0
80
218
119
234
63
176
210
221
158
12
159
26
250
217
191
98
120
174
237
88
136
82
108
52
103
120
168
43
144
240
114
28
180
36
140
152
34
84
3
29
162
144
2
13
67
50
252
172
181
63
198
230
65
208
24
33
208
74
172
234
112
169
12
8
76
87
201
24
73
200
11
123
175
102
112
128
195
11
69
61
206
128
16
145
14
109
0
154
109
200
126
90
82
228
194
119
118
252
223
180
97
180
252
136
178
38
222
76
204
110
205
23
82
5
106
199
128
228
156
211
108
200
72
17
231
195
175
80
191
207
156
60
216
116
198
41
175
28
250
138
76
133
245
124
204
50
247
110
80
35
16
17
79
228
42
211
91
74
218
88
195
130
244
137
138
24
240
206
32
142
183
186
183
72
4
91
28
136
172
239
172
233
214
52
174
93
181
199
177
8
74
2
184
246
41
12
220
140
50
252
174
198
125
56
168
35
119
226
234
198
53
29
185
239
34
120
155
143
5
2
202
248
120
99
4
205
114
183
88
230
240
71
58
47
95
88
79
152
87
147
9
220
199
97
116
141
85
195
168
224
218
116
235
6
64
244
56
36
112
202
4
77
47
152
244
244
174
91
36
93
235
192
218
211
247
6
76
251
42
127
183
186
136
157
45
73
70
46
218
253
126
54
122
209
251
5
79
112
88
20
49
50
12
19
130
84
131
100
41
17
120
136
112
180
50
114
178
237
202
213
125
219
200
159
56
27
176
205
63
142
14
140
171
58
73
211
244
16
199
221
164
189
102
26
147
69
218
251
65
155
4
163
104
99
80
122
242
129
14
210
164
243
34
116
108
84
195
245
233
251
77
152
191
77
202
204
225
240
192
166
174
192
229
84
21
211
104
52
77
222
186
40
192
247
146
60
3
168
186
32
209
131
180
238
35
24
231
201
176
61
160
2
238
200
255
32
120
158
70
87
207
82
77
15
174
227
95
130
208
207
142
207
16
71
59
200
136
132
158
210
6
114
104
166
138
119
37
142
31
164
76
192
185
108
218
53
113
120
34
42
113
254
31
26
36
35
234
75
24
56
248
169
216
72
232
236
194
191
26
165
44
70
191
217
222
111
85
206
186
137
190
112
42
255
128
37
62
132
128
28
100
17
210
234
94
18
150
29
222
106
22
171
225
68
160
143
244
163
45
19
238
182
231
226
34
31
123
112
35
8
170
251
131
84
91
164
193
206
65
12
44
32
168
146
18
118
187
28
32
82
102
201
167
60
129
228
118
123
98
184
34
232
112
158
216
135
3
46
219
247
238
24
243
45
115
157
227
108
255
207
10
3
74
206
134
154
248
152
168
157
174
4
225
3
246
251
111
181
116
213
238
170
190
109
170
207
63
14
20
206
126
250
205
141
245
18
242
28
217
250
124
26
115
36
179
42
169
32
174
223
41
73
82
136
189
111
94
216
61
226
235
171
112
246
53
122
54
108
229
186
109
150
124
181
220
192
160
74
123
125
92
215
184
225
7
210
234
196
17
148
121
196
30
144
105
9
177
8
118
25
43
65
248
70
250
52
128
160
59
145
223
18
233
34
58
11
85
156
239
0
27
46
231
83
90
125
48
254
29
146
148
70
61
27
228
74
10
110
18
36
103
164
118
225
96
194
92
242
35
184
64
122
94
73
137
204
68
84
214
208
58
208
56
213
20
36
214
128
92
60
98
47
239
114
211
2
195
60
36
101
201
158
101
16
146
211
231
228
246
238
74
170
69
185
196
64
206
37
14
136
88
129
143
81
41
82
103
45
234
232
240
15
247
122
183
203
247
222
162
18
119
224
12
11
21
236
151
62
75
174
148
66
77
60
84
146
4
180
168
171
41
172
118
239
176
114
181
130
46
158
79
238
23
121
116
178
45
19
122
227
84
8
147
105
122
6
144
19
224
30
254
157
120
173
178
146
201
235
240
81
149
76
199
227
150
141
205
40
4
251
24
168
124
136
116
55
85
30
228
71
206
161
43
146
63
187
83
42
131
38
67
190
70
8
29
160
177
142
94
214
83
182
250
216
19
238
198
52
58
138
70
100
136
133
178
10
168
82
110
128
170
55
75
78
249
158
136
175
175
66
44
56
12
198
168
183
154
44
219
240
11
49
98
62
71
87
53
144
134
253
13
220
100
38
203
40
231
203
228
122
221
76
249
158
24
162
51
231
246
114
226
15
190
140
236
155
222
68
177
3
142
25
240
70
123
0
92
51
134
228
220
108
16
138
20
207
44
202
14
64
110
130
159
50
72
207
103
186
197
115
218
60
125
211
40
255
69
250
88
99
107
27
12
226
64
102
188
213
112
56
132
59
88
53
62
85
44
146
244
212
114
134
72
218
244
69
188
73
70
255
186
71
148
43
127
130
212
149
67
62
244
140
10
176
35
153
248
79
59
18
197
234
207
44
234
249
86
241
74
183
1
45
214
233
32
76
154
185
235
246
207
92
132
188
33
228
1
6
95
84
133
236
255
150
192
38
103
116
222
56
207
147
174
80
242
148
150
214
124
154
196
42
143
58
44
249
4
229
42
182
150
36
84
27
175
39
154
214
186
42
80
162
175
226
108
17
101
47
107
248
189
192
83
255
207
198
61
153
121
155
177
106
49
190
174
90
201
191
101
36
72
202
146
248
90
99
231
82
84
17
14
169
30
63
146
227
175
56
97
37
158
252
230
181
109
132
103
13
252
230
111
224
104
122
190
215
79
38
244
25
171
188
214
186
25
210
242
226
19
248
152
124
169
70
81
120
162
121
190
10
63
127
229
241
228
98
204
139
34
60
190
83
188
195
120
53
186
250
15
53
90
120
73
46
72
138
231
196
140
163
140
137
30
42
63
217
4
49
67
101
96
182
52
104
250
211
143
215
112
21
88
220
38
94
55
58
172
222
222
131
74
179
234
114
204
184
21
120
178
35
82
90
32
80
134
243
237
116
156
6
36
120
162
74
168
186
164
13
63
33
138
83
177
116
186
174
31
224
211
30
135
240
217
124
188
116
152
18
141
230
96
43
99
184
91
130
49
74
49
86
196
60
17
250
12
204
210
234
8
67
37
226
178
171
248
116
88
114
67
33
174
106
66
175
210
217
50
240
190
200
153
21
40
146
38
71
53
231
192
87
104
242
142
61
199
228
23
214
180
212
202
102
127
188
68
141
143
148
38
231
56
78
219
123
18
198
130
127
136
14
41
